 0) [10,10],  2905 ms
 1) [9,11],  2267 ms
 2) [9,12],  5082 ms
 3) [10,12],  104 ms
 4) [10,11],  5097 ms
 5) [8,10],  101 ms
 6) [7,9],  5090 ms
 7) [11,13],  129 ms
 8) [12,14],  5062 ms
 9) [8,13],  160 ms
10) [11,12],  5055 ms
11) [12,13],  163 ms
12) [9,9],  5072 ms
13) [13,13],  170 ms
14) [10,13],  5061 ms
15) [14,13],  177 ms
16) [15,13],  5071 ms
17) [8,9],  197 ms
18) [7,10],  5085 ms
19) [11,14],  193 ms
20) [7,8],  5105 ms
21) [7,7],  196 ms
22) [9,14],  5126 ms
23) [8,15],  205 ms
24) [7,12],  5051 ms
25) [7,11],  190 ms
26) [10,9],  5048 ms
27) [8,8],  206 ms
28) [8,11],  5100 ms
29) [6,9],  190 ms
