 1) [9,11],  2185 ms
 2) [9,12],  7230 ms
 3) [10,11],  99 ms
 4) [11,11],  5063 ms
 5) [10,12],  113 ms
 6) [12,12],  5051 ms
 7) [13,13],  122 ms
 8) [9,9],  5052 ms
 9) [8,8],  134 ms
10) [8,10],  5067 ms
11) [9,10],  154 ms
12) [7,10],  5069 ms
13) [8,9],  167 ms
14) [7,8],  5077 ms
15) [11,12],  163 ms
16) [12,13],  5089 ms
17) [12,14],  153 ms
18) [7,7],  5076 ms
19) [7,11],  165 ms
20) [7,9],  5132 ms
21) [7,6],  160 ms
22) [8,11],  5088 ms
23) [6,9],  184 ms
24) [10,13],  5086 ms
25) [11,14],  185 ms
26) [11,13],  5096 ms
27) [10,14],  175 ms
28) [9,13],  5102 ms
29) [8,13],  164 ms
30) [9,14],  5095 ms
31) [13,14],  190 ms