 0) [15,2],  0 ms
 1) [16,2],  0 ms
 2) [14,4],  0 ms
 3) [14,3],  0 ms
 4) [16,5],  0 ms
 5) [15,5],  0 ms
 6) [17,3],  0 ms
 7) [17,4],  0 ms
 8) [16,6],  1 ms
 9) [15,7],  53 ms
10) [16,3],  7425 ms
11) [16,8],  81 ms
12) [15,8],  5111 ms
13) [14,6],  88 ms
14) [16,7],  5072 ms
15) [16,4],  84 ms
16) [17,9],  5056 ms
17) [13,5],  83 ms
18) [12,4],  24 ms
19) [13,7],  88 ms
20) [12,8],  48 ms
21) [12,6],  81 ms
22) [14,9],  5191 ms
23) [13,10],  83 ms
24) [13,8],  5134 ms
25) [11,5],  87 ms
26) [10,4],  5219 ms
27) [11,7],  84 ms
28) [15,10],  5130 ms
29) [16,11],  85 ms
30) [17,6],  5060 ms
31) [18,5],  85 ms
32) [10,8],  5193 ms
33) [11,8],  85 ms